                                                                                                                                                                                                                                                                



                        1                         2                         3                         4                         5                         6
                 Re(freq)                  Im(freq)                         l                       n_g                       n_p                      n_pg
  0.2555871029255217E+003   0.0000000000000000E+000                         0                         0                         1                         1
  0.3984586683363030E+003   0.0000000000000000E+000                         0                         0                         2                         2
  0.5268073158489426E+003   0.0000000000000000E+000                         0                         0                         3                         3
  0.6673942998283347E+003   0.0000000000000000E+000                         0                         0                         4                         4
  0.8090157159482321E+003   0.0000000000000000E+000                         0                         0                         5                         5
  0.9529626683042966E+003   0.0000000000000000E+000                         0                         0                         6                         6
  0.1094918999890792E+004   0.0000000000000000E+000                         0                         0                         7                         7
  0.1237495167552132E+004   0.0000000000000000E+000                         0                         0                         8                         8
  0.1378649103453844E+004   0.0000000000000000E+000                         0                         0                         9                         9
  0.1517341528667290E+004   0.0000000000000000E+000                         0                         0                        10                        10
  0.1653187235098621E+004   0.0000000000000000E+000                         0                         0                        11                        11
  0.1785873214052813E+004   0.0000000000000000E+000                         0                         0                        12                        12
  0.1918527303258666E+004   0.0000000000000000E+000                         0                         0                        13                        13
  0.2051856703337274E+004   0.0000000000000000E+000                         0                         0                        14                        14
  0.2185147694175526E+004   0.0000000000000000E+000                         0                         0                        15                        15
  0.2317627281354066E+004   0.0000000000000000E+000                         0                         0                        16                        16
  0.2448758708542194E+004   0.0000000000000000E+000                         0                         0                        17                        17
  0.2580180697888508E+004   0.0000000000000000E+000                         0                         0                        18                        18
  0.2712606436214531E+004   0.0000000000000000E+000                         0                         0                        19                        19
  0.2845721909574853E+004   0.0000000000000000E+000                         0                         0                        20                        20
  0.2979318485858153E+004   0.0000000000000000E+000                         0                         0                        21                        21
  0.3112727362136784E+004   0.0000000000000000E+000                         0                         0                        22                        22
  0.3246300883208163E+004   0.0000000000000000E+000                         0                         0                        23                        23
  0.3380279976406742E+004   0.0000000000000000E+000                         0                         0                        24                        24
  0.3514551059342286E+004   0.0000000000000000E+000                         0                         0                        25                        25
  0.3649298231682024E+004   0.0000000000000000E+000                         0                         0                        26                        26
  0.3784176580667696E+004   0.0000000000000000E+000                         0                         0                        27                        27
  0.3919235389555196E+004   0.0000000000000000E+000                         0                         0                        28                        28
  0.4054423072471707E+004   0.0000000000000000E+000                         0                         0                        29                        29
  0.4189572480931426E+004   0.0000000000000000E+000                         0                         0                        30                        30
  0.4324834175108927E+004   0.0000000000000000E+000                         0                         0                        31                        31
  0.4459922367266604E+004   0.0000000000000000E+000                         0                         0                        32                        32
  0.4594741970070211E+004   0.0000000000000000E+000                         0                         0                        33                        33
  0.4728794393084613E+004   0.0000000000000000E+000                         0                         0                        34                        34
  0.4859342614696929E+004   0.0000000000000000E+000                         0                         0                        35                        35
  0.4991787069827727E+004   0.0000000000000000E+000                         0                         0                        36                        36
  0.5122528084978202E+004   0.0000000000000000E+000                         0                         0                        37                        37
  0.5250820255547934E+004   0.0000000000000000E+000                         0                         0                        38                        38
  0.5376020082150339E+004   0.0000000000000000E+000                         0                         0                        39                        39
  0.5498484648634192E+004   0.0000000000000000E+000                         0                         0                        40                        40
  0.5620620506077052E+004   0.0000000000000000E+000                         0                         0                        41                        41
  0.5745043357929264E+004   0.0000000000000000E+000                         0                         0                        42                        42
  0.5872649698455058E+004   0.0000000000000000E+000                         0                         0                        43                        43
  0.6003022921170499E+004   0.0000000000000000E+000                         0                         0                        44                        44
  0.6135265864724472E+004   0.0000000000000000E+000                         0                         0                        45                        45
  0.6268779545006707E+004   0.0000000000000000E+000                         0                         0                        46                        46
  0.6403131831929657E+004   0.0000000000000000E+000                         0                         0                        47                        47
  0.6537981496471016E+004   0.0000000000000000E+000                         0                         0                        48                        48
  0.6673220946326644E+004   0.0000000000000000E+000                         0                         0                        49                        49
  0.6808647291104324E+004   0.0000000000000000E+000                         0                         0                        50                        50
  0.6944203144407245E+004   0.0000000000000000E+000                         0                         0                        51                        51
  0.7079807288209051E+004   0.0000000000000000E+000                         0                         0                        52                        52
  0.7215355365518227E+004   0.0000000000000000E+000                         0                         0                        53                        53
  0.7350849987262568E+004   0.0000000000000000E+000                         0                         0                        54                        54
  0.7486171972588765E+004   0.0000000000000000E+000                         0                         0                        55                        55
  0.7621309953577423E+004   0.0000000000000000E+000                         0                         0                        56                        56
  0.7756200616786769E+004   0.0000000000000000E+000                         0                         0                        57                        57
  0.7890766802420077E+004   0.0000000000000000E+000                         0                         0                        58                        58
  0.5180667035775053E+002   0.0000000000000000E+000                         1                        12                         0                       -12
  0.4407624710877681E+003   0.0000000000000000E+000                         1                         0                         1                         2
  0.5861000512628644E+003   0.0000000000000000E+000                         1                         0                         2                         3
  0.7327474153487898E+003   0.0000000000000000E+000                         1                         0                         3                         4
  0.8759494298091940E+003   0.0000000000000000E+000                         1                         0                         4                         5
  0.1018662433332873E+004   0.0000000000000000E+000                         1                         0                         5                         6
  0.1161182182849376E+004   0.0000000000000000E+000                         1                         0                         6                         7
  0.1302432019956060E+004   0.0000000000000000E+000                         1                         0                         7                         8
  0.1443120266366281E+004   0.0000000000000000E+000                         1                         0                         8                         9
  0.1580321852553473E+004   0.0000000000000000E+000                         1                         0                         9                        10
  0.1714684337834658E+004   0.0000000000000000E+000                         1                         0                        10                        11
  0.1847435208865860E+004   0.0000000000000000E+000                         1                         0                        11                        12
  0.1980308743919689E+004   0.0000000000000000E+000                         1                         0                        12                        13
  0.2114241751915421E+004   0.0000000000000000E+000                         1                         0                        13                        14
  0.2247369722620950E+004   0.0000000000000000E+000                         1                         0                        14                        15
  0.2379270577709740E+004   0.0000000000000000E+000                         1                         0                        15                        16
  0.2510726557454446E+004   0.0000000000000000E+000                         1                         0                        16                        17
  0.2642584372333867E+004   0.0000000000000000E+000                         1                         0                        17                        18
  0.2775687824986656E+004   0.0000000000000000E+000                         1                         0                        18                        19
  0.2909249126397945E+004   0.0000000000000000E+000                         1                         0                        19                        20
  0.3042853483757125E+004   0.0000000000000000E+000                         1                         0                        20                        21
  0.3176578177366557E+004   0.0000000000000000E+000                         1                         0                        21                        22
  0.3310355426864775E+004   0.0000000000000000E+000                         1                         0                        22                        23
  0.3444667556173967E+004   0.0000000000000000E+000                         1                         0                        23                        24
  0.3579298793792116E+004   0.0000000000000000E+000                         1                         0                        24                        25
  0.3714165164619152E+004   0.0000000000000000E+000                         1                         0                        25                        26
  0.3849315689428438E+004   0.0000000000000000E+000                         1                         0                        26                        27
  0.3984455178906082E+004   0.0000000000000000E+000                         1                         0                        27                        28
  0.4119750708173894E+004   0.0000000000000000E+000                         1                         0                        28                        29
  0.4255041901483761E+004   0.0000000000000000E+000                         1                         0                        29                        30
  0.4390268409431726E+004   0.0000000000000000E+000                         1                         0                        30                        31
  0.4525383304525448E+004   0.0000000000000000E+000                         1                         0                        31                        32
  0.4659940108085002E+004   0.0000000000000000E+000                         1                         0                        32                        33
  0.4792876727602807E+004   0.0000000000000000E+000                         1                         0                        33                        34
  0.4923890402438600E+004   0.0000000000000000E+000                         1                         0                        34                        35
  0.5055603772124980E+004   0.0000000000000000E+000                         1                         0                        35                        36
  0.5185342827108838E+004   0.0000000000000000E+000                         1                         0                        36                        37
  0.5312176989638935E+004   0.0000000000000000E+000                         1                         0                        37                        38
  0.5435911312337952E+004   0.0000000000000000E+000                         1                         0                        38                        39
  0.5557897758566727E+004   0.0000000000000000E+000                         1                         0                        39                        40
  0.5680897682547957E+004   0.0000000000000000E+000                         1                         0                        40                        41
  0.5806935005692968E+004   0.0000000000000000E+000                         1                         0                        41                        42
  0.5936023888749753E+004   0.0000000000000000E+000                         1                         0                        42                        43
  0.6067415720195156E+004   0.0000000000000000E+000                         1                         0                        43                        44
  0.6200408078383330E+004   0.0000000000000000E+000                         1                         0                        44                        45
  0.6334374436580246E+004   0.0000000000000000E+000                         1                         0                        45                        46
  0.6469040170383159E+004   0.0000000000000000E+000                         1                         0                        46                        47
  0.6604129324766932E+004   0.0000000000000000E+000                         1                         0                        47                        48
  0.6739484045417396E+004   0.0000000000000000E+000                         1                         0                        48                        49
  0.6875035132490911E+004   0.0000000000000000E+000                         1                         0                        49                        50
  0.7010624848012145E+004   0.0000000000000000E+000                         1                         0                        50                        51
  0.7146248553506213E+004   0.0000000000000000E+000                         1                         0                        51                        52
  0.7281797965010527E+004   0.0000000000000000E+000                         1                         0                        52                        53
  0.7417225022437902E+004   0.0000000000000000E+000                         1                         0                        53                        54
  0.7552503183733657E+004   0.0000000000000000E+000                         1                         0                        54                        55
  0.7687525214739600E+004   0.0000000000000000E+000                         1                         0                        55                        56
  0.7822296964013781E+004   0.0000000000000000E+000                         1                         0                        56                        57
  0.7956726362641102E+004   0.0000000000000000E+000                         1                         0                        57                        58
  0.2908365814235830E+003   0.0000000000000000E+000                         2                         1                         0                        -1
  0.3462152964779191E+003   0.0000000000000000E+000                         2                         1                         1                         0
  0.3780945900641215E+003   0.0000000000000000E+000                         2                         0                         1                         1
  0.5057568021199512E+003   0.0000000000000000E+000                         2                         0                         2                         2
  0.6517219125194669E+003   0.0000000000000000E+000                         2                         0                         3                         3
  0.7960887910225479E+003   0.0000000000000000E+000                         2                         0                         4                         4
  0.9405456511738364E+003   0.0000000000000000E+000                         2                         0                         5                         5
  0.1082424442492035E+004   0.0000000000000000E+000                         2                         0                         6                         6
  0.1225004230159684E+004   0.0000000000000000E+000                         2                         0                         7                         7
  0.1365942044241409E+004   0.0000000000000000E+000                         2                         0                         8                         8
  0.1504961828820033E+004   0.0000000000000000E+000                         2                         0                         9                         9
  0.1641072359787738E+004   0.0000000000000000E+000                         2                         0                        10                        10
  0.1774022744110508E+004   0.0000000000000000E+000                         2                         0                        11                        11
  0.1906879571940561E+004   0.0000000000000000E+000                         2                         0                        12                        12
  0.2040308572006053E+004   0.0000000000000000E+000                         2                         0                        13                        13
  0.2173978089319131E+004   0.0000000000000000E+000                         2                         0                        14                        14
  0.2306857783837013E+004   0.0000000000000000E+000                         2                         0                        15                        15
  0.2438325446569785E+004   0.0000000000000000E+000                         2                         0                        16                        16
  0.2570052641456302E+004   0.0000000000000000E+000                         2                         0                        17                        17
  0.2702679969869372E+004   0.0000000000000000E+000                         2                         0                        18                        18
  0.2836091918792626E+004   0.0000000000000000E+000                         2                         0                        19                        19
  0.2970003778960096E+004   0.0000000000000000E+000                         2                         0                        20                        20
  0.3103702664568918E+004   0.0000000000000000E+000                         2                         0                        21                        21
  0.3237585562438720E+004   0.0000000000000000E+000                         2                         0                        22                        22
  0.3371809744804465E+004   0.0000000000000000E+000                         2                         0                        23                        23
  0.3506344668036817E+004   0.0000000000000000E+000                         2                         0                        24                        24
  0.3641347764049864E+004   0.0000000000000000E+000                         2                         0                        25                        25
  0.3776457469703874E+004   0.0000000000000000E+000                         2                         0                        26                        26
  0.3911766422180120E+004   0.0000000000000000E+000                         2                         0                        27                        27
  0.4047169085446939E+004   0.0000000000000000E+000                         2                         0                        28                        28
  0.4182538653481883E+004   0.0000000000000000E+000                         2                         0                        29                        29
  0.4318011546753424E+004   0.0000000000000000E+000                         2                         0                        30                        30
  0.4453296697792731E+004   0.0000000000000000E+000                         2                         0                        31                        31
  0.4588331889542464E+004   0.0000000000000000E+000                         2                         0                        32                        32
  0.4722613951884053E+004   0.0000000000000000E+000                         2                         0                        33                        33
  0.4853332033795639E+004   0.0000000000000000E+000                         2                         0                        34                        34
  0.4985988562119371E+004   0.0000000000000000E+000                         2                         0                        35                        35
  0.5116951972437241E+004   0.0000000000000000E+000                         2                         0                        36                        36
  0.5245499421101224E+004   0.0000000000000000E+000                         2                         0                        37                        37
  0.5370945974505426E+004   0.0000000000000000E+000                         2                         0                        38                        38
  0.5493591890346837E+004   0.0000000000000000E+000                         2                         0                        39                        39
  0.5615790919415612E+004   0.0000000000000000E+000                         2                         0                        40                        40
  0.5740191813817144E+004   0.0000000000000000E+000                         2                         0                        41                        41
  0.5867784504155258E+004   0.0000000000000000E+000                         2                         0                        42                        42
  0.5998175267218631E+004   0.0000000000000000E+000                         2                         0                        43                        43
  0.6130460029815538E+004   0.0000000000000000E+000                         2                         0                        44                        44
  0.6264040387167825E+004   0.0000000000000000E+000                         2                         0                        45                        45
  0.6398463249156917E+004   0.0000000000000000E+000                         2                         0                        46                        46
  0.6533392007733248E+004   0.0000000000000000E+000                         2                         0                        47                        47
  0.6668712998262208E+004   0.0000000000000000E+000                         2                         0                        48                        48
  0.6804218561787135E+004   0.0000000000000000E+000                         2                         0                        49                        49
  0.6939858245752139E+004   0.0000000000000000E+000                         2                         0                        50                        50
  0.7075540900842739E+004   0.0000000000000000E+000                         2                         0                        51                        51
  0.7211169582583630E+004   0.0000000000000000E+000                         2                         0                        52                        52
  0.7346742967916863E+004   0.0000000000000000E+000                         2                         0                        53                        53
  0.7482140649037275E+004   0.0000000000000000E+000                         2                         0                        54                        54
  0.7617356431852960E+004   0.0000000000000000E+000                         2                         0                        55                        55
  0.7752319983539183E+004   0.0000000000000000E+000                         2                         0                        56                        56
  0.7886960482162165E+004   0.0000000000000000E+000                         2                         0                        57                        57
  0.1913565157027147E+003   0.0000000000000000E+000                         3                         6                         0                        -6
  0.3332883798712630E+003   0.0000000000000000E+000                         3                         1                         0                        -1
  0.5548283582861093E+003   0.0000000000000000E+000                         3                         0                         2                         2
  0.7048886211663730E+003   0.0000000000000000E+000                         3                         0                         3                         3
  0.8497113288979737E+003   0.0000000000000000E+000                         3                         0                         4                         4
  0.9944911161161740E+003   0.0000000000000000E+000                         3                         0                         5                         5
  0.1137494212267976E+004   0.0000000000000000E+000                         3                         0                         6                         6
  0.1279797845129500E+004   0.0000000000000000E+000                         3                         0                         7                         7
  0.1421226645996734E+004   0.0000000000000000E+000                         3                         0                         8                         8
  0.1559251766246653E+004   0.0000000000000000E+000                         3                         0                         9                         9
  0.1694559468391696E+004   0.0000000000000000E+000                         3                         0                        10                        10
  0.1827584848068194E+004   0.0000000000000000E+000                         3                         0                        11                        11
  0.1960776188730922E+004   0.0000000000000000E+000                         3                         0                        12                        12
  0.2095046702863623E+004   0.0000000000000000E+000                         3                         0                        13                        13
  0.2228656353473187E+004   0.0000000000000000E+000                         3                         0                        14                        14
  0.2361221776553858E+004   0.0000000000000000E+000                         3                         0                        15                        15
  0.2493021695122761E+004   0.0000000000000000E+000                         3                         0                        16                        16
  0.2625198062502710E+004   0.0000000000000000E+000                         3                         0                        17                        17
  0.2758654420726506E+004   0.0000000000000000E+000                         3                         0                        18                        18
  0.2892574602315349E+004   0.0000000000000000E+000                         3                         0                        19                        19
  0.3026681195435989E+004   0.0000000000000000E+000                         3                         0                        20                        20
  0.3160808768988112E+004   0.0000000000000000E+000                         3                         0                        21                        21
  0.3294978191189873E+004   0.0000000000000000E+000                         3                         0                        22                        22
  0.3429693649808537E+004   0.0000000000000000E+000                         3                         0                        23                        23
  0.3564676850396968E+004   0.0000000000000000E+000                         3                         0                        24                        24
  0.3699960302408111E+004   0.0000000000000000E+000                         3                         0                        25                        25
  0.3835486641856248E+004   0.0000000000000000E+000                         3                         0                        26                        26
  0.3971007915375714E+004   0.0000000000000000E+000                         3                         0                        27                        27
  0.4106694021160305E+004   0.0000000000000000E+000                         3                         0                        28                        28
  0.4242329846930576E+004   0.0000000000000000E+000                         3                         0                        29                        29
  0.4377934029107592E+004   0.0000000000000000E+000                         3                         0                        30                        30
  0.4513402830099757E+004   0.0000000000000000E+000                         3                         0                        31                        31
  0.4648341622998726E+004   0.0000000000000000E+000                         3                         0                        32                        32
  0.4781913701919003E+004   0.0000000000000000E+000                         3                         0                        33                        33
  0.4913022150938426E+004   0.0000000000000000E+000                         3                         0                        34                        34
  0.5045152166408276E+004   0.0000000000000000E+000                         3                         0                        35                        35
  0.5175336087123925E+004   0.0000000000000000E+000                         3                         0                        36                        36
  0.5302645561625390E+004   0.0000000000000000E+000                         3                         0                        37                        37
  0.5426818825023110E+004   0.0000000000000000E+000                         3                         0                        38                        38
  0.5549038751279272E+004   0.0000000000000000E+000                         3                         0                        39                        39
  0.5672072661518808E+004   0.0000000000000000E+000                         3                         0                        40                        40
  0.5798080483564861E+004   0.0000000000000000E+000                         3                         0                        41                        41
  0.5927170312517432E+004   0.0000000000000000E+000                         3                         0                        42                        42
  0.6058635910549204E+004   0.0000000000000000E+000                         3                         0                        43                        43
  0.6191736411480005E+004   0.0000000000000000E+000                         3                         0                        44                        44
  0.6325838032451190E+004   0.0000000000000000E+000                         3                         0                        45                        45
  0.6460659194859979E+004   0.0000000000000000E+000                         3                         0                        46                        46
  0.6595900123956774E+004   0.0000000000000000E+000                         3                         0                        47                        47
  0.6731418390563639E+004   0.0000000000000000E+000                         3                         0                        48                        48
  0.6867126560893274E+004   0.0000000000000000E+000                         3                         0                        49                        49
  0.7002873392487352E+004   0.0000000000000000E+000                         3                         0                        50                        50
  0.7138655483884210E+004   0.0000000000000000E+000                         3                         0                        51                        51
  0.7274353939034508E+004   0.0000000000000000E+000                         3                         0                        52                        52
  0.7409934949160203E+004   0.0000000000000000E+000                         3                         0                        53                        53
  0.7545358927228261E+004   0.0000000000000000E+000                         3                         0                        54                        54
  0.7680526170218673E+004   0.0000000000000000E+000                         3                         0                        55                        55
  0.7815442492743254E+004   0.0000000000000000E+000                         3                         0                        56                        56
  0.7950008628424991E+004   0.0000000000000000E+000                         3                         0                        57                        57
